15-06-10 16:44:06,34.0,33.0,34.0,29.0,29.0,26.0,26.0,32.0,33.0,30.0,26.0,31.0,32.0,26.0,33.0,33.0
15-06-10 16:45:06,29.0,32.0,29.0,33.0,29.0,33.0,28.0,29.0,28.0,30.0,30.0,33.0,31.0,33.0,29.0,28.0
15-06-10 16:46:06,32.0,31.0,33.0,33.0,32.0,29.0,28.0,27.0,29.0,34.0,27.0,28.0,32.0,31.0,31.0,31.0
15-06-10 16:47:06,34.0,26.0,30.0,30.0,29.0,30.0,34.0,27.0,33.0,29.0,33.0,34.0,33.0,32.0,34.0,32.0
15-06-10 16:48:06,30.0,34.0,34.0,34.0,29.0,34.0,28.0,29.0,31.0,28.0,26.0,27.0,30.0,33.0,30.0,29.0
15-06-10 16:50:00,34.0,33.0,34.0,29.0,29.0,26.0,26.0,32.0,33.0,30.0,26.0,31.0,32.0,26.0,33.0,33.0
15-06-10 16:59:45,34.0,33.0,34.0,29.0,29.0,26.0,26.0,32.0,33.0,30.0,26.0,31.0,32.0,26.0,33.0,33.0
15-06-10 17:14:27,34.0,33.0,34.0,29.0,29.0,26.0,26.0,32.0,33.0,30.0,26.0,31.0,32.0,26.0,33.0,33.0
15-06-10 17:15:27,29.0,32.0,29.0,33.0,29.0,33.0,28.0,29.0,28.0,30.0,30.0,33.0,31.0,33.0,29.0,28.0
15-06-10 17:16:27,32.0,31.0,33.0,33.0,32.0,29.0,28.0,27.0,29.0,34.0,27.0,28.0,32.0,31.0,31.0,31.0
15-06-10 17:17:27,34.0,26.0,30.0,30.0,29.0,30.0,34.0,27.0,33.0,29.0,33.0,34.0,33.0,32.0,34.0,32.0
15-06-10 17:18:52,34.0,33.0,34.0,29.0,29.0,26.0,26.0,32.0,33.0,30.0,26.0,31.0,32.0,26.0,33.0,33.0
15-06-10 17:19:52,29.0,32.0,29.0,33.0,29.0,33.0,28.0,29.0,28.0,30.0,30.0,33.0,31.0,33.0,29.0,28.0
15-06-10 17:20:52,32.0,31.0,33.0,33.0,32.0,29.0,28.0,27.0,29.0,34.0,27.0,28.0,32.0,31.0,31.0,31.0
15-06-10 17:25:19,34.0,33.0,34.0,29.0,29.0,26.0,26.0,32.0,33.0,30.0,26.0,31.0,32.0,26.0,33.0,33.0
15-06-10 17:26:19,29.0,32.0,29.0,33.0,29.0,33.0,28.0,29.0,28.0,30.0,30.0,33.0,31.0,33.0,29.0,28.0
15-06-10 17:27:19,32.0,31.0,33.0,33.0,32.0,29.0,28.0,27.0,29.0,34.0,27.0,28.0,32.0,31.0,31.0,31.0
15-06-10 17:28:19,34.0,26.0,30.0,30.0,29.0,30.0,34.0,27.0,33.0,29.0,33.0,34.0,33.0,32.0,34.0,32.0
15-06-10 17:29:19,30.0,34.0,34.0,34.0,29.0,34.0,28.0,29.0,31.0,28.0,26.0,27.0,30.0,33.0,30.0,29.0
15-06-10 17:30:19,34.0,26.0,32.0,34.0,33.0,27.0,34.0,28.0,28.0,34.0,26.0,34.0,30.0,34.0,34.0,32.0
15-06-10 17:32:34,34.0,33.0,34.0,29.0,29.0,26.0,26.0,32.0,33.0,30.0,26.0,31.0,32.0,26.0,33.0,33.0
15-06-10 17:33:34,29.0,32.0,29.0,33.0,29.0,33.0,28.0,29.0,28.0,30.0,30.0,33.0,31.0,33.0,29.0,28.0
15-06-10 17:34:34,32.0,31.0,33.0,33.0,32.0,29.0,28.0,27.0,29.0,34.0,27.0,28.0,32.0,31.0,31.0,31.0
15-06-10 17:35:34,34.0,26.0,30.0,30.0,29.0,30.0,34.0,27.0,33.0,29.0,33.0,34.0,33.0,32.0,34.0,32.0
15-06-10 17:36:34,30.0,34.0,34.0,34.0,29.0,34.0,28.0,29.0,31.0,28.0,26.0,27.0,30.0,33.0,30.0,29.0
15-06-10 17:37:34,34.0,26.0,32.0,34.0,33.0,27.0,34.0,28.0,28.0,34.0,26.0,34.0,30.0,34.0,34.0,32.0
15-06-10 17:38:34,28.0,29.0,32.0,34.0,27.0,30.0,32.0,32.0,31.0,34.0,33.0,33.0,27.0,34.0,34.0,34.0
15-06-10 17:39:34,28.0,29.0,30.0,31.0,28.0,26.0,27.0,34.0,34.0,34.0,28.0,34.0,32.0,31.0,31.0,31.0
15-06-10 17:40:34,33.0,34.0,31.0,28.0,31.0,33.0,33.0,34.0,26.0,27.0,32.0,30.0,28.0,28.0,33.0,33.0
15-06-10 17:41:34,29.0,30.0,28.0,28.0,26.0,27.0,29.0,34.0,26.0,28.0,28.0,31.0,33.0,27.0,34.0,34.0
15-06-10 17:42:34,34.0,28.0,34.0,34.0,34.0,31.0,30.0,31.0,33.0,31.0,28.0,29.0,34.0,34.0,34.0,31.0
15-06-10 17:43:34,33.0,30.0,29.0,30.0,30.0,33.0,33.0,28.0,26.0,33.0,32.0,28.0,26.0,34.0,33.0,34.0
15-06-10 17:44:34,27.0,29.0,30.0,30.0,28.0,27.0,34.0,30.0,28.0,27.0,30.0,31.0,33.0,30.0,33.0,33.0
15-06-10 17:45:34,31.0,30.0,31.0,29.0,32.0,30.0,30.0,31.0,30.0,34.0,34.0,33.0,32.0,31.0,34.0,34.0
15-06-10 17:46:34,30.0,34.0,31.0,31.0,30.0,27.0,30.0,28.0,30.0,29.0,29.0,28.0,34.0,34.0,32.0,34.0
15-06-10 17:47:34,31.0,31.0,27.0,34.0,29.0,27.0,32.0,32.0,34.0,34.0,29.0,27.0,33.0,34.0,31.0,29.0
15-06-10 17:48:34,32.0,31.0,30.0,32.0,31.0,32.0,30.0,31.0,30.0,29.0,28.0,26.0,33.0,32.0,32.0,27.0
15-06-10 17:49:34,34.0,34.0,32.0,34.0,27.0,32.0,28.0,31.0,34.0,29.0,33.0,34.0,32.0,34.0,34.0,33.0
15-06-10 17:50:34,31.0,29.0,30.0,30.0,29.0,34.0,28.0,28.0,30.0,27.0,26.0,31.0,26.0,30.0,31.0,31.0
15-06-10 17:51:34,29.0,27.0,32.0,32.0,27.0,33.0,30.0,29.0,32.0,31.0,30.0,26.0,32.0,30.0,33.0,33.0
15-06-10 17:52:34,30.0,33.0,30.0,29.0,27.0,34.0,34.0,31.0,29.0,31.0,28.0,34.0,31.0,28.0,28.0,28.0
15-06-10 17:53:34,32.0,29.0,34.0,34.0,27.0,32.0,29.0,26.0,29.0,34.0,27.0,26.0,26.0,32.0,33.0,33.0
15-06-10 17:54:34,32.0,28.0,34.0,34.0,32.0,28.0,27.0,33.0,28.0,34.0,32.0,29.0,30.0,33.0,32.0,29.0
15-06-10 17:55:34,33.0,33.0,33.0,29.0,29.0,34.0,33.0,26.0,30.0,31.0,27.0,29.0,33.0,29.0,32.0,29.0
15-06-10 17:56:34,31.0,29.0,31.0,28.0,31.0,27.0,27.0,33.0,27.0,32.0,28.0,30.0,28.0,28.0,28.0,28.0
15-06-10 17:57:34,31.0,27.0,30.0,32.0,34.0,34.0,32.0,31.0,33.0,31.0,26.0,28.0,28.0,32.0,31.0,31.0
15-06-10 17:58:34,29.0,31.0,31.0,33.0,30.0,32.0,27.0,33.0,31.0,33.0,33.0,30.0,27.0,33.0,34.0,34.0
15-06-10 17:59:34,31.0,28.0,29.0,32.0,27.0,31.0,29.0,32.0,28.0,32.0,30.0,32.0,26.0,32.0,34.0,34.0
15-06-10 18:00:34,30.0,26.0,34.0,34.0,29.0,27.0,27.0,26.0,30.0,29.0,27.0,26.0,28.0,32.0,30.0,28.0
15-06-10 18:01:34,31.0,28.0,31.0,31.0,32.0,26.0,30.0,34.0,34.0,27.0,29.0,26.0,27.0,32.0,31.0,32.0
15-06-10 18:02:34,32.0,26.0,32.0,31.0,33.0,27.0,34.0,33.0,28.0,31.0,26.0,33.0,29.0,29.0,33.0,33.0
15-06-10 18:03:34,33.0,27.0,33.0,30.0,30.0,32.0,31.0,31.0,31.0,30.0,26.0,26.0,29.0,32.0,31.0,32.0
15-06-10 18:04:34,28.0,26.0,30.0,32.0,29.0,28.0,34.0,30.0,29.0,29.0,30.0,31.0,27.0,32.0,34.0,34.0
15-06-10 18:05:34,29.0,29.0,32.0,32.0,31.0,30.0,33.0,29.0,26.0,33.0,30.0,32.0,29.0,32.0,30.0,30.0
15-06-10 18:06:34,32.0,30.0,32.0,30.0,34.0,29.0,26.0,34.0,31.0,26.0,26.0,32.0,26.0,34.0,32.0,34.0
15-06-10 18:07:34,30.0,32.0,28.0,26.0,30.0,33.0,30.0,33.0,32.0,31.0,32.0,33.0,30.0,26.0,32.0,32.0
15-06-10 18:08:34,28.0,32.0,29.0,29.0,27.0,29.0,26.0,31.0,31.0,31.0,32.0,33.0,28.0,27.0,28.0,27.0
15-06-10 18:09:34,31.0,29.0,31.0,27.0,29.0,32.0,32.0,27.0,34.0,34.0,28.0,31.0,30.0,31.0,31.0,31.0
15-06-10 18:10:34,27.0,26.0,31.0,31.0,28.0,34.0,34.0,26.0,28.0,27.0,34.0,29.0,26.0,29.0,31.0,31.0
15-06-10 18:11:34,31.0,27.0,30.0,31.0,26.0,34.0,29.0,29.0,30.0,29.0,32.0,27.0,28.0,31.0,31.0,30.0
15-06-10 18:12:34,32.0,31.0,31.0,26.0,26.0,26.0,33.0,30.0,33.0,28.0,32.0,31.0,27.0,30.0,32.0,30.0
15-06-10 18:13:34,31.0,28.0,34.0,34.0,28.0,32.0,30.0,28.0,32.0,26.0,32.0,31.0,26.0,33.0,34.0,34.0
15-06-10 18:14:34,33.0,33.0,30.0,34.0,32.0,33.0,26.0,34.0,32.0,27.0,28.0,33.0,29.0,34.0,33.0,33.0
15-06-10 18:15:34,30.0,32.0,30.0,31.0,30.0,26.0,32.0,31.0,29.0,27.0,33.0,33.0,27.0,33.0,32.0,33.0
15-06-10 18:16:34,31.0,26.0,31.0,32.0,31.0,33.0,26.0,28.0,28.0,28.0,31.0,29.0,33.0,32.0,32.0,32.0
15-06-10 18:17:34,28.0,32.0,30.0,33.0,29.0,31.0,27.0,28.0,34.0,29.0,29.0,33.0,30.0,33.0,34.0,34.0
15-06-10 18:18:34,34.0,27.0,31.0,31.0,32.0,31.0,30.0,32.0,33.0,27.0,28.0,28.0,33.0,30.0,34.0,31.0
15-06-10 18:19:34,32.0,33.0,28.0,34.0,27.0,33.0,33.0,27.0,30.0,26.0,27.0,27.0,29.0,34.0,32.0,29.0
15-06-10 18:20:34,31.0,33.0,32.0,32.0,27.0,27.0,29.0,33.0,33.0,34.0,30.0,34.0,28.0,34.0,31.0,34.0
15-06-10 18:21:34,34.0,34.0,29.0,34.0,33.0,32.0,33.0,32.0,30.0,32.0,26.0,26.0,34.0,34.0,34.0,28.0
15-06-10 18:22:34,34.0,32.0,31.0,31.0,27.0,34.0,27.0,30.0,29.0,28.0,33.0,26.0,33.0,27.0,34.0,30.0
15-06-10 18:23:34,33.0,31.0,30.0,30.0,26.0,31.0,34.0,31.0,28.0,33.0,32.0,34.0,26.0,27.0,34.0,34.0
15-06-10 18:24:34,29.0,34.0,32.0,34.0,31.0,32.0,27.0,33.0,33.0,27.0,31.0,28.0,34.0,34.0,28.0,32.0
15-06-10 18:25:34,32.0,26.0,32.0,31.0,28.0,32.0,28.0,31.0,34.0,29.0,31.0,34.0,33.0,31.0,32.0,31.0
15-06-10 18:26:34,30.0,28.0,32.0,33.0,28.0,34.0,33.0,33.0,30.0,27.0,29.0,26.0,30.0,33.0,32.0,32.0
15-06-10 18:27:34,32.0,30.0,32.0,33.0,32.0,27.0,32.0,26.0,32.0,34.0,27.0,32.0,26.0,34.0,33.0,34.0
15-06-10 18:28:34,34.0,27.0,34.0,34.0,30.0,26.0,33.0,29.0,29.0,32.0,29.0,32.0,28.0,32.0,31.0,29.0
15-06-10 18:29:34,31.0,30.0,31.0,30.0,26.0,29.0,29.0,34.0,29.0,33.0,29.0,33.0,33.0,30.0,33.0,33.0
15-06-10 18:30:34,31.0,27.0,33.0,33.0,30.0,26.0,31.0,30.0,34.0,32.0,32.0,34.0,26.0,29.0,31.0,29.0
15-06-10 18:31:34,33.0,34.0,30.0,32.0,28.0,31.0,34.0,30.0,34.0,33.0,29.0,28.0,29.0,32.0,33.0,31.0
15-06-10 18:32:34,32.0,26.0,32.0,33.0,34.0,33.0,30.0,33.0,32.0,30.0,27.0,26.0,33.0,33.0,34.0,34.0
15-06-10 18:33:34,28.0,30.0,34.0,34.0,29.0,27.0,28.0,29.0,33.0,29.0,26.0,30.0,29.0,34.0,30.0,34.0
15-06-10 18:34:34,33.0,34.0,33.0,34.0,32.0,27.0,33.0,33.0,34.0,29.0,30.0,32.0,34.0,34.0,34.0,34.0
15-06-10 18:35:34,31.0,29.0,33.0,33.0,31.0,32.0,30.0,31.0,27.0,34.0,26.0,34.0,31.0,33.0,31.0,33.0
15-06-10 18:36:34,32.0,26.0,33.0,33.0,31.0,27.0,26.0,30.0,34.0,27.0,28.0,26.0,27.0,28.0,32.0,32.0
15-06-10 18:37:34,29.0,30.0,29.0,29.0,33.0,28.0,30.0,31.0,27.0,28.0,32.0,26.0,34.0,30.0,31.0,31.0
15-06-10 18:38:34,31.0,31.0,28.0,34.0,33.0,33.0,34.0,28.0,33.0,27.0,31.0,31.0,29.0,34.0,31.0,33.0
15-06-10 18:39:34,33.0,27.0,33.0,31.0,26.0,31.0,31.0,34.0,28.0,34.0,27.0,28.0,26.0,31.0,32.0,31.0
15-06-10 18:40:34,31.0,28.0,31.0,30.0,30.0,32.0,33.0,30.0,27.0,26.0,33.0,31.0,28.0,34.0,34.0,34.0
15-06-10 18:41:34,32.0,28.0,32.0,29.0,32.0,30.0,33.0,34.0,31.0,29.0,28.0,28.0,29.0,31.0,34.0,34.0
15-06-10 18:42:34,34.0,28.0,34.0,30.0,34.0,30.0,27.0,30.0,26.0,33.0,29.0,33.0,30.0,33.0,34.0,34.0
15-06-10 18:43:35,32.0,34.0,32.0,32.0,26.0,27.0,31.0,29.0,31.0,31.0,32.0,31.0,33.0,32.0,32.0,32.0
15-06-10 18:44:35,29.0,33.0,30.0,30.0,34.0,29.0,33.0,34.0,28.0,28.0,27.0,27.0,27.0,33.0,27.0,33.0
15-06-10 18:45:35,33.0,28.0,33.0,33.0,33.0,33.0,33.0,34.0,34.0,30.0,30.0,28.0,28.0,29.0,33.0,31.0
15-06-10 18:46:35,27.0,29.0,34.0,34.0,33.0,27.0,34.0,31.0,30.0,27.0,29.0,26.0,29.0,34.0,31.0,33.0
15-06-10 18:47:35,32.0,28.0,32.0,32.0,26.0,31.0,33.0,31.0,34.0,30.0,34.0,32.0,32.0,31.0,31.0,31.0
15-06-10 18:48:35,31.0,34.0,30.0,29.0,34.0,27.0,32.0,34.0,26.0,31.0,27.0,29.0,27.0,33.0,31.0,33.0
15-06-10 18:49:35,28.0,31.0,28.0,28.0,32.0,33.0,31.0,28.0,34.0,28.0,34.0,30.0,30.0,34.0,34.0,34.0
15-06-10 18:50:35,33.0,33.0,31.0,31.0,30.0,27.0,33.0,30.0,26.0,32.0,34.0,26.0,26.0,33.0,33.0,33.0
15-06-10 18:51:35,28.0,26.0,30.0,30.0,28.0,31.0,27.0,32.0,26.0,30.0,34.0,30.0,32.0,27.0,30.0,30.0
15-06-10 18:52:35,34.0,29.0,34.0,34.0,33.0,32.0,34.0,34.0,34.0,30.0,32.0,32.0,28.0,34.0,32.0,34.0
15-06-10 18:53:35,34.0,32.0,34.0,32.0,32.0,30.0,29.0,32.0,30.0,31.0,27.0,30.0,32.0,32.0,31.0,30.0
